14808.41
14600.72
14410.28
13636.18
13172.1
13378.25
13424.31
13502.02
13757.17
13606.83
13424.84
13287.15
13693.65
13717.02
13669.15
14045.49
14030.96
13730.45
13748.08
13456.28
13377.57
13348.97
13133.59
13125.3
13018.17
13233.81
13462.81
13468.96
13611.43
13561.32
13696.34
13717.6
13582.45
13467.49
13825.13
14028.27
14028.66
13991.09
13912.05
13820.91
13581.65
13601.26
13567.37
13686.47
13874.71
13796.77
13651.33
13735.7
14050.7
14180.61
14149.35
14061.62
14095.94
14205.99
14180.15
14344.58
14332.46
14197.19
14245.81
14200.15
14346.53
14482.02
14423.24
14288.2
14347.33
14256.61
14283.15
14120.5
14151.55
14137.72
14260.11
14223.72
14225.37
14310.98
14247.77
14239.29
13971.83
13671.85
13829.84
13763.92
13697.51
13420.11
13577.63
13504.5
13358.72
13545.65
13576.09
13253.42
13210.71
13372.83
13545.8
13474.53
13440.17
13477.29
13509.84
13672.11
13674.03
13739.19
13559.1
13493.83
13608.51
13602.76
13749.94
13710.68
13631.46
13676.88
13767.88
13709.88
13937.99
14202.66
14291.39
14088.3
14088.04
14048.6
13977.55
13909.14
13860.77
13849.99
13888.21
13618.15
13290.65
12993.57
12988.65
12969.08
12970.86
13036.75
13099.61
12828.34
12120.55
11688.37
11749.25
12163.88
12273.59
11999.42
11906.58
12160.17
12150.95
11641.01
11351.36
11704.18
11253.69
10729.54
10528.46
11264.27
11441.84
11400.99
11160.02
10786.83
11008.06
11076.35
11341.71
11252.71
10955.59
10640.17
10244.87
10260.19
10469.32
10273.89
9767.09
9516.3
9979.22
10180.7
9864.34
10250.12
10762.41
11051.57
11349.38
11066.1
11074.83
11446.93
11643.31
11577.84
11307.35
11058.28
11256.28
10909.08
10873.83
11243.26
11288.78
11561.3
11865.11
11784.19
11836.5
12040.95
11837.33
11753.5
11653.69
11746.66
11874.74
11655.56
11332.32
11211.18
11407.25
11497.98
11287.96
11156.93
11284.17
11424.12
11540.38
11478.31
11669.23
11744.24
11847.43
11782.02
11923.04
11878.51
11642.68
11583.69
11681.39
11390.51
11210.22
11266.27
11325.13
11470.01
11324.13
11402.64
11604.22
11710.44
11704.66
11812.65
12023.35
12496.08
12538.63
12542.13
12679.02
12653.33
12535.39
12480.85
12423.87
12596.41
12634.14
12570.97
12791.23
12892.47
12953.22
12822.43
12732.28
12830.15
12909.87
12763.64
12536.44
12458.14
12575.58
12621.28
12395.08
12183.42
12112.37
11895.63
11974.12
11756.68
11858.1
12023.24
12141.1
12124.22
11860.5
11732.51
11398.04
11350.78
11383.78
11547.63
11266.89
11302.11
11345.74
11420.97
11605.18
11532.21
11402.01
11517.3
11679.81
11494.79
11607.65
11668.27
11806.91
11745.18
11684.89
11514.5
11305.29
10771.56
10772.63
10549.79
10590.17
10689.09
10575.18
10562.16
10432.87
10205.1
10509.54
10712.87
10763.51
10870.68
10764.37
10888.96
10780.74
10451.51
10427.82
10327.38
10585.47
10655.82
10516.49
10132.04
10257.02
10343.02
10340.14
10613.86
11136.47
11206.26
11265.76
11079.67
11011.04
11014.85
11105.7
10891.86
10721.65
10706.05
10707.91
10826.14
10590.83
10682.58
10908.89
11011.8
10934.64
10916.58
11104.4
11040.13
11281.82
11295.74
11373.08
11205.5
11036.99
10994.68
11097.83
11163.92
11204.93
11231.4
11165.37
11319.85
11366.86
11446
11622.73
11607.77
11519.97
11515.29
11577.39
11483.7
11342.56
11258.67
11352.97
11259.22
11117.37
11177.63
11222.62
11052.33
11042.43
10941.92
11185.81
11218.09
11311.94
11237.32
11257.4
11131.25
11361.35
11328.93
11521.62
11525.17
11457.45
11413.12
11367.03
11192.03
10723.45
10488.9
10506.39
10489.17
10547.89
10665.13
10735.28
10940.46
11168.89
11068.92
11044.87
10975.4
10994.31
10897.73
10853.12
11014.48
11140.82
10996.09
11136.53
11121.37
11101.1
11208.2
11333.36
11205.47
11177.44
11211.74
11289.33
10970.79
10974.63
11014.98
10992.44
11326.69
11458.64
11495
11435.74
11457.47
11564.52
11569.17
11484.22
11412.83
11505.98
11456.92
11407.32
11460.49
11672.46
11809.92
11900.69
11860.96
11834.11
11793.91
11784.18
11737.03
11704.7
11604.72
11619.28
11636.13
11642.8
11653.44
11654.36
11645.7
11721.1
11761.38
11744.8
11707.56
11759.52
11475.37
11369.16
11380.45
11485.79
11458.2
11299.45
11244.12
11292.65
11277.71
11331.08
11150.13
11130.13
11151.08
11246.07
11206.91
11229.03
11230.08
11212.28
11173.58
11166.38
11197.48
11095.73
11131.68
11178.15
11013.79
10936.89
10874.53
10998.3
10981.17
10949.94
10931.88
11026.15
10875.61
10827.86
10884.59
10921.63
10545.67
10484.07
10314.07
10358.46
10285.8
9940.14
10056.21
10057.34
10075.7
10177.56
9950.5
9767.04
9660.29
9867.87
9865.76
9764.12
9761.73
9962.72
10122.06
10164.16
10047.68
10122.3
10218.21
10248.25
10145.51
9978.87
9941.28
9884.08
10013.46
10000.07
9950.39
10026.52
9991.04
10029.89
10083.13
10120.43
10102.67
10113.76
9964.21
10011.12
10127.75
10082.24
10071.34
9861.58
9637.04
9435.46
9476.08
9288.34
9167.24
9268.69
9256.27
8994.39
8963.1
8976.08
8769.61
8765.34
9116.25
8978.45
9002.43
8741.76
8650.67
8695.55
8742.47
8581.32
8599.08
8441.58
8522.51
8314.63
8243.04
8132.86
8034.87
7848.29
8487.57
8670.96
8772.95
8988.17
8852.24
8649.79
8581.77
8636.21
8549.04
8698.25
8848.62
8782.06
8626.94
8579.69
8293.17
8362.05
8369.51
8558.78
8632.49
8830.53
8933.35
8804.19
8904.43
9023.16
9133.54
9304.2
9325.45
9181.22
9260.07
9260.97
9322.95
9382.35
9189.79
9119.4
9078.1
9111.51
9030.78
9035.25
9157.39
9090.19
9174.07
9284.53
9214.43
9088.25
8854.29
8719.37
8833.57
8530.14
8675.86
8745.7
8432.51
8328.8
8471.3
8352.49
8198.98
7979.38
8132.72
8281.07
8270.22
8257.86
7998.23
7963.69
8120.45
8156.1
8258.34
8191.91
7985.66
7849.49
7892.9
7734.75
7603.57
7644.65
7657.45
7410.84
7310.71
7366.76
7173.21
6991.74
6768.72
7069.06
7125.25
7024.84
6800.35
6969.08
6604.47
6449.29
6285.06
6171.17
6281.98
6236.85
6093.2
6116.82
6620.43
6575.89
6311.82
6573.12
6932.91
7078.47
7280.95
7129.02
6917.33
7090.92
7442.31
7673.98
7919.75
7635.7
7767.83
7641.02
7655.32
7557.64
7319.67
7385.77
7469.98
7418.11
7659.89
7734.78
7929.41
8128.79
8240.11
8284.78
8483.31
8276.52
8203.69
8088.68
8212.15
8322.96
8143.27
8075.29
8152.29
7909.89
7661.45
7747.14
7778.33
8022.56
7979.39
8159.97
8093.51
7966.28
8153.3
8290.98
8240.59
8489.58
8509.61
8495.64
8500.04
8403.7
8315.28
8208.61
8191.11
8143.35
8343.28
8358.86
8217.95
8202.33
8217.04
7966.75
7895.45
7999.9
7990.09
7919.96
7831.45
7888.37
8011.45
7973.78
8226.3
8234.25
8314.44
8231.66
8261.03
8411.4
8390.38
8390
8619.97
8647.29
8677.35
8616.62
8545.12
8509.03
8676.94
8790.94
8924.37
8916.46
8965.77
8864
8901.4
8982.09
9002.17
8793.93
8726.01
8613.13
8659.59
8625.05
8736.98
8670.12
8419.29
8363.28
8437.55
8374.33
8360.62
8290.36
8260.37
8465.67
8539.67
8397.38
8255.41
8235.62
8094.32
8022.93
8052.49
8016.67
7965.03
7860.56
7984.5
8057.03
8098.04
8278.29
8293.93
8341.94
8383.34
8371.78
8249.62
8262.74
8337.33
8228.18
8298.4
8312.67
8123.56
8186.96
8340.21
8444.59
8498.05
8500.34
8416.62
8418.99
8459.69
8718.83
8766.23
8795.54
8718.37
8710.97
8698.54
8588.86
8604.84
8696.63
8692.96
8642.68
8729.27
8865.93
8803.08
8798.69
8908.91
8886.22
8805.3
8700.04
8731.27
8640.19
8604.22
8637.25
8686.52
8511.59
8436.98
8421.33
8481.98
8536.51
8579.95
8627.33
8519.58
8528.09
8583.16
8637.43
8579.21
8693.29
8618.32
8520.52
8514.86
8590.64
8636
8697.52
8705.86
8810.84
8798.62
8841.09
8873.28
8859.6
8807.02
8815.88
8864.53
9141.35
9248.86
9210.78
9263.69
9298.32
9288.23
9307.3
9232.38
9297.21
9296.35
9376.26
9483.27
9442.92
9413.83
9561.69
9664.02
9704.72
9703.35
9741.41
9758.86
9860.25
9822.67
9609.76
9699.28
9687.46
9704.1
9823.83
9837.01
9837.82
9996.92
10113.86
10128
10076.23
9971.41
10025.29
10115.9
10138.07
10229.2
10233.23
10145.55
10036.26
10093.19
9974.07
9853.55
9898.32
9931.78
9848.34
9771.45
9840.43
9927.29
10008.22
10085.26
10114.18
10077.35
9948.51
9975.71
10008.96
10080.42
10185.54
10213.14
10119.23
10301.07
10426.21
10466.13
10554.41
10531.9
10676.39
10700.68
10808.17
10781.94
10689.02
10726.85
10823.94
10724.31
10570.93
10707.42
10795.98
10817.63
10762.13
10741.27
10742.31
10842.5
10927.73
11035.05
11088.78
11213.18
11215.75
10998.05
10902.32
10680.24
10554.94
10552.12
10460.36
10299.01
10390.09
10588.55
10542.56
10764.91
10805.6
10817.82
10634.64
10705.39
10765.08
10828.46
10834.98
10738.34
10666.99
10477.95
10416.7
10589.83
10579.36
10605.69
10580.49
10472.68
10492.74
10748.53
10804.33
10853.72
10972.09
10928.28
10951.81
10920.62
10957.32
11106.9
11175
11002.14
11038.52
11157.43
11169.46
11062.02
11108.46
11131.48
11347.99
11463.71
11427.99
11376.48
11485.18
11431.01
11473.27
11572.03
11401.43
11274.55
11360.82
11411.15
11481.09
11536.32
11525.04
11463.99
11603.48
11671.76
11675.5
11628.5
11690.08
11713.14
11493.37
11261.37
11008.67
11168.52
11047.96
11036.95
10818.37
10844.12
10997.17
11090.51
11050.58
11082.76
10990.45
11025.38
11036.52
10942.6
10581.74
10535.77
10460.28
10482.72
10593.11
10467.17
10326.17
10356.65
10391.12
10463.29
10401.42
10567.54
10717.64
10748.63
10692.8
10816.95
10872.31
10693.08
10572.34
10407.94
10175.74
10253.45
10034.95
9896.05
9919.51
10019.32
10001.58
9828.45
9889.01
9980.49
10038.71
9969.15
9901.43
9919.08
9712.39
9649.32
9736.96
9749.26
9878.53
9918.57
9782
9878.03
9920.36
10044.4
10090.44
10158.42
10219.37
10217.42
10335.11
10322.06
10169.99
10116.77
10174.98
10075.04
9950.99
9961.38
10044.69
10163.63
10263.96
10318.63
10435.5
10384.5
10486.38
10445.81
10289.28
10065.57
10050.62
10117.3
9826.24
9748.09
9747.52
9635.82
9720.12
9789.9
9719.6
9699.02
9616.86
9613.44
9472.47
9482.73
9603.78
9677.84
9607.79
9703.85
9713.85
9568.76
9708.38
9717.39
9822.93
9792.3
9696.76
9593.65
9639.37
9678.05
9566.84
9467.14
9434.83
9333.81
9424.71
9399.75
9408.25
9487.08
9543.12
9595.26
9658.56
9626.34
9593.43
9688.31
9749.18
9662.7
9643.95
9625.36
9537.9
9453.06
9425.28
9509.88
9622.38
9726.79
9764.31
10092.92
10248.19
10212.79
10301.48
10191.42
10235.01
10255.19
10258.73
10399.56
10390.39
10331.61
10365.63
10245.8
10199.34
10260.53
10328.07
10302.13
10303.01
10522.61
10695.36
10711.15
10679.57
10715.74
10697.08
10782.25
10727.38
10560.19
10603.47
10594.44
10611.89
10683
10657.62
10727.32
10753.02
10666.83
10619.04
10690.54
10723.28
10878.53
10934.64
10934.92
10935.04
10737.76
10646.75
10557.05
10580.67
10592.7
10439.37
10452.31
10503.32
10520.09
10458.84
10457.82
10515.03
10524.73
10640.08
10633.64
10508.33
10324.66
10311.16
10364.4
10365.98
10357.26
10417.15
10414.15
10375.75
10495.46
10610.97
10602.47
10681.47
10702.99
10664.25
10743.1
10778.73
10698.72
10726.41
10802.01
10882.05
10910.82
10991.99
10992.98
10874.28
10935.92
11008.26
11090.57
11091.82
11078.14
11034.29
10950.44
11062.7
11067.54
11096.54
10958.95
10884.92
10898.28
10970.28
10981.16
10835.68
10844.25
10827.52
10871.17
10899.88
10900.33
11010.21
11035.76
11082.27
11031.13
11069.82
11184.74
11287.22
11305.17
11337.58
11313.65
11364.52
11322.08
11279.13
11326.86
11322.56
11300.09
11383.94
11438.51
11408.02
11424.76
11446.07
11473.55
11457.39
11474.87
11293.45
11315.64
11341.07
11418.46
11391.43
11384.83
11320.83
11184.97
11163.88
11189.18
11156.54
11096.01
11156.16
11216.37
11157.5
11143.48
11192.03
11191.88
11131.59
11096.65
11130.96
11118.42
11284.8
11367.56
11414.32
11421.11
11345.58
11450.84
11433.08
11417.23
11490.29
11523.06
11563.87
11507.96
11534.07
11535.05
11479.77
11450.18
11453.79
11487.65
11567.01
11511.53
11483.6
11486.09
11531.95
11511.25
11611.51
11653.1
11636.64
11566.08
11583.76
11516.49
11337.25
11245.18
11251.07
11213.46
11288.55
11284.04
11316.12
11275.27
11263.22
11271.48
11044.3
10920.42
10907.78
10863.93
10934.79
10999.44
10949.35
10832.34
10789.53
10655.01
10625.16
10769.43
10767.47
10682.15
10810.74
10866.25
10798.21
10734.01
10742.72
10718.09
10574.49
10488.12
10571.15
10478.1
10515.61
10571.53
10622.48
10575.24
10619.25
10660.65
10159.13
9726.94
9801.85
9722.07
9776.35
9907.75
10031.47
9884.1
9956.93
9902.03
9705.56
9614.83
9676.93
9772.12
9783.33
9921.08
9918.84
10070.27
10010.56
9995.37
9853.77
9795.54
9829.51
9881.21
9607.85
9259.53
9319.17
9330.38
9324.55
9393.5
9313.32
9311.82
9367.64
9165.27
8999.69
8987.87
8738.9
8630.49
8650.17
8797.14
8726.42
8555.27
8711.75
8840.53
8984.51
8942.05
9084.58
9034.74
8772.65
8792.24
8874.44
8744.57
8863.49
9066.44
9114.49
9290.17
9293.93
9361.55
9293.57
9189.13
9311.52
9312.82
9447.89
9413.83
9388.51
9274.57
9236.51
9348.09
9307.56
9303.17
9433.11
9414
9363.5
9234.74
9080.24
9094.51
8933.01
8811.43
8757.68
8791.3
8585.75
8610.54
8668.34
8619.45
8646.95
8754.58
8811.04
8748.74
8763.69
8687.42
8656.33
8871.43
9174.35
9273.99
9245.31
9158.52
9248.46
9525.53
9638.12
9612.44
9574.17
9633.52
9643.88
9504.04
9595.03
9587.82
9554.41
9434.48
9456.17
9550.18
9624.07
9565.29
9523.67
9759.31
9832.03
9800.44
9790.4
9752.93
9441.55
9248.8
9112.23
9187.72
9196.94
8985.9
8892.78
9009.43
9102.84
9148.7
9154.17
9169.47
9127.75
9026.99
9314.19
9374.26
9410.75
9214.79
9144.33
9269.11
9045.95
8992.76
8964.68
9139.04
9125.85
9049.76
9200.04
9191.28
9119.83
9064.56
9105.94
9103.3
9192.45
9171.05
9270.64
9286.76
9276.47
9278.36
9143.15
9154.27
9166.32
9140.19
9113.97
8950.7
8756.4
8691.9
8680.01
8641.94
8722.98
8707.68
8478.85
8321.1
8266.31
8319.93
8281.41
8081.22
8196.08
8226.07
8126.64
8132.39
7894.66
7910.25
7900.36
7828.22
7768.8
7912.51
8036.09
8223.26
8172.82
8212.59
8194.15
8291.7
8344.89
8062.6
8056.4
8175.36
8148.25
8235.83
8260.59
8233.76
8329.48
8281.63
8162.06
8011.42
8052.46
8078.64
8162.21
8219.02
8223.11
8248.01
8234.77
8155.39
8145.4
8176.87
8220.74
8427.92
8489.22
8527.3
8530.12
8538
8517.76
8534.07
8536.72
8491.66
8500.05
8369.62
8269.54
8168.53
8158.07
8202.92
8165.99
8180.91
8168.51
8213.64
8249.56
8282.47
8254.8
8315.1
8077.92
8005.55
8015.26
7896.92
7910.16
7932.65
7887.81
7794.56
7816.88
7979.27
8042.72
7914.48
7777.27
7761.87
7617.15
7665.79
7629.35
7640.95
7708.05
7703.6
7752.49
7734.5
7611.02
7715.87
7762.53
7605.58
7424.98
7428.02
7390.1
7439.25
7516.25
7440.13
7583.3
8002.79
8171.22
8199.48
8370.07
8209.78
8237.57
8197.72
8210.77
8289.14
8306.09
8303.47
8354.16
8246.03
8170.98
8308.95
8293.32
8454.32
8622.11
8568.34
8564.31
8335.03
8369.51
8394.37
8444.08
8424.94
8464.16
8546.55
8501.29
8481
8529.76
8597.37
8505.73
8438.02
8506.56
8431.02
8372.51
8395.4
8475.54
8526.56
8539.02
8524
8501.2
8561.78
8755.35
8838.03
8834.47
8913.21
8970.72
8947.87
8948.33
8904.46
8922.87
8955.81
8962.12
8999.85
9082.43
9084.36
9049.13
9011.64
8937.3
9037.59
9067.95
9101.16
9041.88
9044.79
9067.42
9124.04
8910.43
8831.8
8886.69
8917.09
8887.41
8925.09
8890.43
8844.25
8971.28
9038.14
9051.59
9041.12
8991.03
9017.58
9019.53
8965.79
8991.83
8827.88
8716.53
8695.76
8724.92
8644.46
8576.33
8556.72
8618.07
8629
8660.33
8614.7
8590.5
8586.21
8679.43
8723.1
8682.68
8604.71
8446.24
8394.75
8421.01
8388.28
8404.55
8403.07
8488.19
8467.25
8466.53
8481.84
8374.98
8331.21
8513.06
8630.59
8623.27
8628.67
8641.3
8616.83
8601.09
8647.36
8661.55
8794.22
8920.24
8876.57
8856.02
8881.24
8911.36
8891.2
8881.55
8905.93
8867.6
8877.31
8769.78
8757.72
8776.07
8876.25
8956.76
8965.2
8926.05
8891.54
8904.19
8916.42
8944.86
8742.38
8626.18
8590.85
8524.31
8558.54
8527.2
8512.27
8526.16
8550.37
8516.47
8447.94
8535.13
8522.58
8478.45
8426.48
8465.01
8528.62
8597
8507.4
8538.88
8526.34
8634.72
8636.3
8576.41
8615.63
8472.59
8433.33
8429.06
8403.23
8405.38
8419.57
8439.25
8459.28
8447.6
8408.32
8401.92
8314.9
8270.99
8124.66
8095.48
8124.62
8078.99
8100.99
8071.93
7954.94
7913.93
7923.07
7895.84
7889.16
8140.68
8191.83
8181.28
8097.91
7923.94
7868.49
7813.09
7841.63
7970.38
7912.29
7968.39
7935.84
7986.9
7946.11
7943.1
8034.6
8067.71
8085.61
8087.18
7972.07
7897.05
7879.55
7953.25
8000.12
7951.93
7841.44
7778
7817.72
7796.02
7858.32
7844.23
7850.59
7882.44
7903.95
7889.74
8021.13
8059.1
8048.7
8026.18
8028.09
7930.95
7878.97
7889.24
7910.02
7930.08
7918.24
7910.92
7879.08
7948.82
7940.83
7928.07
7911.48
7876.07
7852.27
7693.4
7596.33
7579.28
7519.34
7518.63
7523.76
7481.73
7469.62
7502.71
7499.8
7394.91
7413.66
7517.05
7476.79
7432.99
7413.82
7228.69
7094.03
7193.34
7134.02
6931.34
6771.25
6824.97
6857.8
6675.1
6936.04
7093.53
7163.72
7182.11
7073.83
7002.37
6966.48
6982.94
6905.15
6875.06
6732.25
6709.29
6672.99
6706.23
6795.9
6846.41
6899.58
6828.25
6836.34
6975.27
7042.7
7054.25
7011.05
7010.05
6931.85
6869.68
6822.83
6911.4
6948.75
7091.3
7088.91
7173.13
7095.4
7025.84
7043.05
7131.13
7118.04
7072.52
7019.27
6935.46
6887.1
6953.39
6921.27
6999.71
7004.31
6965.25
6936.43
6952.54
6932.23
6863.77
6727.87
6705.26
6662.29
6701.03
6687.51
6710.21
6581.57
6485.85
6479.71
6730.22
6826.48
6800.81
6919.75
6910.93
6863.95
6801.75
6802.7
6918.17
6968.58
6942.37
6978.75
6943.75
6889.46
6919.42
7026.96
7056.04
7060.25
7044.84
7078.46
7012.09
7001.12
6938.84
6998.41
7016.5
6976.88
6971.74
6977.89
6928.65
6967.41
7020.97
7017.39
7073.43
7032.53
7103.19
7164.18
7286.96
7340.32
7343.71
7367.27
7385.08
7363.58
7311.42
7310.54
7341.78
7377.12
7319.87
7383.69
7405.02
7392.46
7455.35
7486.28
7426.88
7400.69
7392.39
7412.1
7402.81
7337.95
7296.54
7298.79
7294.35
7355.61
7357.48
7353.86
7317.33
7163.63
7081.76
7038.93
7049.06
7090.6
6893.69
6849.17
6858.57
6846.71
6790.04
6839.79
6878.79
6799.87
6755.37
6765.88
6728.43
6629.75
6624.95
6669.37
6808.64
6802.29
6777.16
6776.96
6866.09
6870.95
6804.3
6799.98
6689.87
6743.9
6845.29
6739.65
6708.31
6735.43
6723.7
6764.44
6764.35
6723.9
6789.34
6801.63
6809.84
6798.42
6761.08
6758.2
6793.19
6794.49
6592.27
6575.6
6602.19
6580.44
6570.27
6616.27
6587.95
6603.39
6618.59
6595.69
6607.83
6606.14
6606.39
6595.34
6609.55
6627.71
6592.46
6581.05
6619.52
6803.67
6837.86
6848.65
6848.75
6859.66
6865.21
6859.21
6895.54
6846.24
6865.57
6867.08
6872.28
6822.12
6858.13
6979.51
7036.18
7004.26
6993.81
6990.5
7002.88
6981.52
6945.69
6892.31
6963.1
6947.28
6949.25
6948.06
6982.49
6948.06
6923.9
6943.83
6947.17
6997.6
6990
7034.52
7084.92
7068.08
7054.42
7043.34
6998.87
6971.99
6995.69
6989.17
6972.27
6976.58
7026.49
7016.87
7054.59
7099.39
7137.79
7089.84
7129.71
7115.97
7107.59
7124.74
7149.29
7115.47
6877.68
6750.08
6742.26
6740.49
6695.38
6748.23
6733.83
6733.14
6746.22
6684.73
6640.88
6697.52
6703.78
6753.88
6770.01
6736.11
6744.12
6763.42
6772.17
6744.86
6730.02
6721.41
6706.52
6749.09
6736.25
6735.55
6743.74
6758.06
6751.71
6832.91
6826.19
6853.44
6845.2
6845.37
6834
6840.65
6817.15
6811.14
6843.55
6832.85
6845.16
6831.63
6831.49
6859.31
6826.94
6843.42
6854.62
6868.69
6852.15
6856.75
6857.56
6930.59
6939.3
6932.84
6921.36
6906.3
6906.11
6913.03
6908.15
6894.95
6919.18
6943.59
6939.55
6914.33
6933.66
6944.67
6944.83
6943.44
6857.97
6808.13
6838.2
6829.24
6910.48
7607.38
7711.52
7690.42
7667.51
7639.36
7610.07
7703.86
7685.24
7701.65
7717.73
7821.6
7811.87
7919.01
7915.25
7824.44
7852.3
7857.24
7816.54
7795.44
7834.48
7991.3
8094.08
8117.92
8067.38
8112.25
8160.23
8128.92
8104.56
8120.12
8140.03
8105.95
8102.89
8088.02
7939.16
7872.68
7839.8
7927.8
7883.51
8006.7
8042.86
8044.74
8022.18
8005.68
8003.51
8154.3
8136.95
8072.71
7984.03
8001.11
7934.36
7971.25
7977.21
7993.02
7984.05
7962.9
8001.71
8018.92
8032.81
8055.96
8054.87
7991.22
8082.28
8085.74
8093.37
8079.03
8104.64
8105.27
8111.56
8086.99
8124.18
8107.85
8125.54
8326.81
8345.74
8365.77
8347.23
8288.1
8292.94
8290.7
8310.61
8286.94
8295.54
8306.46
8338.22
8333.18
8384.49
8381.11
8180.21
8172.62
8153.78
8056.35
8031.33
8095.72
8115.95
8083.48
8097.52
8068.64
8003.63
7943.9
7971.19
7984.56
7965.14
8026.03
8027.75
8014.32
7984.5
8016.46
8010.56
8052.26
8039.95
8040.64
8007.65
8024.7
8009.76
8003.32
7999.86
8111.35
8130.6
8139.42
8101.18
8107.27
8126.42
8092.4
8099.35
8088.34
8101.95
8098.93
8000.85
7880.19
7874.66
7911.75
7892.63
7884.1
7903.94
7934.13
7932.57
7923.12
7915.07
7926.03
8035.61
8130.87
8097.06
8100.08
8100.03
8095.91
8100.36
8099.2
8033.31
7982.35
8094.42
8118.5
8113.46
8113.64
8197.31
8182.57
8171.94
8170.95
8134.12
8177.35
8213.05
8184.96
8163.98
8172.79
8180.05
8152.07
8187.49
8205.62
8225.65
8207.61
8216.54
8227.78
8218.68
8226.22
8248.25
8252.37
8261.71
8254.62
8230.18
8256.13
8275.14
8261.22
8333.46
8340.48
8356.17
8338.99
8283.77
8259.98
8292.69
8331.17
8325.51
8310.48
8444.8
8511.26
8539.05
8507.93
8499.45
8468.11
8494.59
8504.04
8507.58
8520.49
8504.03
8527.84
8764.43
8835.74
8830.22
8798.41
8834.13
8862.01
8850.66
8851.65
8899.26
8943.57
8792.75
8723.96
8724.25
8663.35
8746.27
8747.69
8769.67
8811.33
8806.06
8766.33
8771.94
8795.55
8748.51
8773.03
8804.48
8877.89
8877.42
8829.59
8844.22
8847.26
8829.52
8856.91
8857.72
8867.94
8925.63
8931.24
8934.85
8974.85
8834.95
8879.64
8995.48
8946.09
8923.75
8926.68
8939.18
8901.38
8892.97
8902.79
8857.03
8794.76
8819.5
8832.06
8857.76
8878.55
8861.6
8856.23
8874.04
8932.58
8930.47
8884.87
8894.41
8910.92
8951.5
8936.66
8897.77
8916.73
8920.34
8890.77
8899.49
8830.28
8897.52
8928.87
8932.71
8933.61
9117.01
9159.43
9187.19
9190.78
9234.01
9252
9250.89
9215.25
9254.77
9265.83
9303.33
9315.02
9329.72
9335.29
9250.37
9363.73
9339.53
9379.1
9385.83
9387.49
9443.76
9474.43
9527.81
9654.47
9583.82
9594.5
9705.18
9577.62
9377.26
9355
9444.13
9415.89
9379.75
9301.61
9157.07
9099.6
9156.13
9044.61
8875.25
8921.86
8905.62
9021.86
8998.51
8988.69
9053.03
9122.39
9059.58
8857.11
8753.86
8790.87
8835.74
8822.98
8872.53
8915.88
8835.39
8830.97
8746
8705.42
8812.34
8861.81
8902.7
8835.13
8791.81
8800.16
8831.61
8869.44
8851.44
8853.37
9058.29
9126.05
9177.6
9266.57
9243.58
9261.72
9264.43
9191.7
9195.63
9209.77
9228.99
9207.07
9257.86
9318.91
9347.5
9335.03
9311.23
9228.64
9236.26
9241.05
9282.68
9284.95
9253.25
9148.72
9042.27
8983.26
9056.48
8979.13
8937.78
9047.42
9082.31
9110.93
9122.13
9147.96
9168.11
9132.18
9245.28
9227.57
9267.66
9202.88
9310.92
9378.62
9348.13
9294.02
9283.18
9310.35
9371.89
9387.56
9390.08
9304.02
9332.65
9353.75
9404.14
9455.77
9499.07
9457.78
9471.63
9428.12
9443.86
9451.48
9374.69
9271.38
9238.97
9220.3
9264.55
9290.85
9323.24
9307.54
9311.02
9274.46
9307.4
9330.3
9303.73
9330.08
9387.06
9399.35
9382
9396.04
9414.19
9336.66
9291.46
9313.67
9305.93
9233.33
9172.85
9203.96
9229.16
9258.66
9281.24
9291.9
9265.82
9273.3
9306.1
9308.85
9333.19
9306.85
9292.96
9238.6
9223.74
9220.24
9048.77
8937.59
8991.38
8962.39
8979.14
8937.04
8958.59
8984.57
9023.32
9038.85
9005.42
9017.44
8907.8
8901.96
8907.2
8923.08
8963.93
8989.57
8970.16
8975.14
9004.41
9068.72
9074.93
9070.7
9063.12
9007.72
9032.29
9014.75
9059.27
9075.26
9102.45
9146.62
9124.46
9128.77
9156.48
9156.88
9107.55
9042.55
9084.25
9115.98
9132.35
9114.86
9111.03
9083.14
9144.21
9221.55
9225.88
9222.09
9199.33
9215.33
9219.35
9237.92
9263.99
9228.87
9202.89
9224.09
9211.61
9199.76
9218.1
9196.78
9283.28
9350.2
9442.3
9414.46
9489.06
9596.61
9667.76
9654.37
9643.67
9659.95
9651.94
9757.81
9600.71
9610.63
9615.25
9581.01
9611.46
9615.71
9639.67
9664.31
9741.09
9688.38
9691.03
9680.39
9726.35
9665.49
9656.62
9612.51
9611.04
9665.21
9632.88
9635.48
9661.4
9694.07
9711.51
9703.67
9727.54
9756.77
9826.74
9813.33
9832.89
9807.92
9778.09
9780.04
9806.56
9826.84
9899.67
9868.62
9900.43
9918.71
9913.44
9905.58
9867.76
9876.55
9812.53
9841.85
9767.44
9722.22
9792
9811.29
9873.97
9881.84
9848.22
9840.46
9842.92
9752.61
9638.19
9641.88
9544.22
9503.74
9555.48
9450.46
9431.87
9547.02
9525.7
9480.15
9528.58
9553.43
9529.68
9503.99
9516.66
9500.1
9591.74
9590.85
9545.45
9329.57
9282.88
9249.02
9336.08
9343.68
9356.31
9297.1
9337.6
9300.03
9297.73
9304.01
9329.44
9307.34
9247.34
9330.83
9366.91
9373.54
9361.59
9411.15
9411.76
9426.92
9333.99
9341.47
9375.01
9406.88
9437.44
9415.85
9409.85
9354.81
9335.62
9346.53
9366.69
9292.08
9297.98
9204.61
9084.68
9127.12
9128.58
9139.72
9135.04
9135.31
9169.18
9225.78
9197.15
9184.32
9216.79
9226.83
9154.47
9153.66
9101.82
9038.55
9025.19
9042.79
9065.75
9060.63
9085.53
9109.64
9145.26
9225.64
9296.23
9272.69
9271.8
9288.09
9286.88
9334.06
9304.98
9267.9
9277.68
9211.8
9304.59
9287.21
9337.02
9314.1
9310
9313.7
9329.42
9313.94
9277.76
9348.86
9349.79
9331.58
9340.59
9332.62
9331.57
9363.31
9329.82
9327.07
9351.08
9177.19
9119.35
9100.82
9083.13
9102.72
9083.17
9027.06
8908.4
8926.01
8927.4
8918.02
8945.83
8981.58
8875.84
8760.07
8786.77
8730.09
8747.32
8676.76
8550.55
8563.04
8606.44
8594.67
8614.11
8602.49
8605.83
8642.07
8470.19
8399.02
8430.3
8432.51
8445.19
8432.13
8440.32
8403.26
8410.06
8334.73
8267.96
8314.34
8294.72
8387.28
8529.13
8543.76
8596.46
8598.1
8504.26
8396.9
8335.59
8351.56
8355.23
8439.88
8475.77
8377.3
8449.52
8476.91
8463.09
8447.9
8390.47
8422.27
8388.28
8379.88
8457.88
8454.13
8438.17
8542.49
8562.04
8571.1
8583.27
8556.67
8606.51
8613.98
8644.18
8624.51
8615.19
8625.22
8698.13
8732.83
8719.21
8696.6
8653.02
8689.27
8651.01
8476.11
8376.84
8342.22
8375.79
8357.13
8401.33
8409.21
8410.62
8443.2
8414.99
8515.69
8753.43
8770.23
8782.18
8752.38
8737.61
8757.89
8839.56
8790.45
8683.47
8653.79
8721
8696.44
8665.39
8686.63
8714
8723.49
8762.89
8737.52
8701.45
8728.36
8805.73
8771.68
8767.31
8731.8
8559.06
8518.33
8551.54
8543.6
8484.63
8507.13
8499.58
8522.84
8470.87
8473.59
8466.39
8339.92
8173.69
8175.48
8212
8197.9
8224.4
8232.73
8226.66
8231.45
8376.8
8394.46
8374.05
8232.48
8204.65
8309.52
8264.08
8313.42
8318.09
8305.31
8259.57
8295.43
8344.95
8329.75
8367.02
8353.55
8379.18
8412.21
8355.97
8338.37
8359.64
8281.52
8263.87
8294.32
8290.52
8295.41
8274.24
8287.84
8325.6
8309.87
8268.25
8255.26
8186.68
8173.33
8211.7
8178.27
8048.01
8048.31
7981.43
7983.13
7984.37
8002.28
8061.08
8026.65
8006.47
8092.34
8110.55
8118.42
8124.98
8099.95
8102.32
8097.42
8072.82
8106.09
8119.68
8121.03
8184.08
8244.06
8231.99
8248.63
8231.02
8234.59
8238.91
8191.95
8200.33
8239.01
8241.13
8225.96
8230.87
8175.87
8194.43
8213.68
8240.49
8303.91
8369.81
8318.98
8311.03
8298.4
8296.91
8290.38
8313.55
8296.95
8279.05
8232.62
8204.4
8231.05
8197.79
8196.19
8241.24
8274
8259.46
8251.58
8263.45
8257.9
8270.05
8324.57
8350.95
8343.39
8306.75
8289.95
8342.37
8363.09
8470.71
8497.64
8524.65
8505.6
8555.6
8540.28
8509.95
8513.48
8495.35
8467.56
8500.78
8503.85
8510.98
8509.09
8536.23
8546.29
8509.59
8492.33
8468.73
8470.71
8493.08
8496.63
8412.06
8405.77
8392.21
8401.02
8346.79
8369.95
8407.83
8409.76
8392.88
8401.44
8371.3
8308.68
8296.97
8320.35
8298.27
8292.85
8321.64
8314.16
8312.95
8253.61
8253.19
8213.47
8160.36
8206.93
8226.81
8227.69
8241.54
8216.14
8209.43
8188.57
8143.24
8072.85
8012.25
8006.27
7990.68
7887.72
7898.21
7935.04
7913.57
7919.02
7914.42
7866.59
7835.61
7841.9
7878.53
7844.64
7906.2
7910.54
7876.43
7757.67
7625.74
7525.27
7513.69
7566.23
7594.6
7592.53
7587.96
7518.45
7567.61
7612.8
7591.14
7618.75
7691
7700.89
7666
7604.13
7445.06
7338.45
7346.97
7370.68
7408.93
7509.3
7513.67
7528.63
7522.36
7501.15
7555.3
7596.4
7540.41
7506.23
7551.75
7590.75
7546.56
7549.09
7611.11
7596.46
7593.19
7608.61
7572.9
7425.67
7423.71
7431
7410.61
7427.16
7497.42
7489.17
7495.8
7470.57
7484.95
7441.76
7418.62
7408.38
7429.55
7431.74
7396.58
7452.38
7442.44
7443.17
7432.16
7432.77
7403.09
7405.82
7424.79
7530.75
7549.56
7547.32
7531.74
7541.35
7513.24
7524.53
7530.85
7533.64
7531.77
7543.36
7540.76
7533.72
7526.77
7551.48
7367.92
7328.82
7247.36
7297.09
7312.58
7293.01
7301.83
7287.83
7291.4
7317.14
7297.56
7321.87
7357.35
7324.82
7319
7303.41
7328.48
7346.9
7347.05
7336.05
7336.91
7293.67
7322.56
7327.12
7338.81
7361.24
7349.15
7351.42
7365.55
7411.57
7353.72
7240.66
7206.72
7229.51
7228.02
7235.62
7231.31
7227.91
7262.04
7277.02
7276.11
7255.84
7235.17
7224.05
7233.84
7246.7
7232.09
7164.54
7119.51
7111.13
7123.07
7062.46
7092.82
7117.85
7121.65
7097.91
7107.55
7138.17
7125.8
7116.8
7157.34
7347.18
7405.98
7436.82
7421.6
7408.47
7427.56
7462.13
7482.55
7462.04
7499.14
7488.48
7454.04
7441.18
7477.3
7524.35
7519.61
7490.55
7480.16
7499.25
7491.2
7468.5
7472.17
7486.71
7496.53
7513.08
7521.24
7504.52
7438.88
7341.32
7309.85
7307.94
7308.92
7304.18
7334.99
7333.16
7352.82
7370.14
7360.88
7350.3
7346.15
7365.26
7427.72
7491.23
7567.47
7565.23
7534.7
7547.82
7530.72
7547.13
7551.08
7529.42
7542.98
7562.78
7536.45
7570.68
7573.43
7546.78
7541.46
7544.37
7458.88
7475.71
7508.79
7494.26
7502.83
7483.27
7485.86
7494.08
7545.43
7591
7572.84
7555.89
7538.52
7435.16
7390.57
7410.65
7425.52
7424.12
7439.01
7422.22
7413.57
7431.27
7424.04
7438.01
7490.75
7523.12
7494.98
7486.73
7491.06
7492.93
7489.6
7512.28
7572.22
7663.07
7667.03
7639.17
7654.94
7628.09
7631.93
7638.18
7627.16
7623.85
7619.17
7632.23
7643.45
7659.23
7636.49
7631.98
7620.52
7635.52
7648.07
7645.09
7611.08
7631.77
7630.73
7646.65
7725.81
7717.69
7733.05
7735.51
7723.6
7710.87
7704.43
7730.41
7708.11
7713.6
7714.01
7688.04
7681.68
7685.03
7712.5
7695.25
7700.65
7702.82
7732.09
7693.58
7687.51
7691.44
7696.1
7643.13
7613.44
7608.39
7595.49
7594.37
7607.87
7530.25
7524.76
7511.54
7482.34
7500.45
7496.5
7470.75
7483.75
7500.62
7512.49
7533.12
7511.66
7483.93
7495.05
7493.6
7424.14
7404.54
7400.68
7403.83
7435.88
7409.21
7441.7
7436.33
7430.48
7427.99
7424.57
7402.26
7401.73
7468.3
7568.6
7616.15
7626.69
7616.62
7629.06
7600.76
7611.99
7613.98
7615.98
7619.03
7610.29
7618.34
7608.02
7594.25
7636.09
7640.02
7606.41
7610.77
7602.93
7621.37
7630.72
7645.5
7633.38
7651.02
7579.45
7524.6
7502.02
7524.81
7594.71
7664.43
7652.08
7647.18
7691.3
7729.12
7728.44
7716.04
7710.66
7708.99
7697.63
7703.31
7699.08
7686.81
7693.71
7692.37
7702.63
7701.27
7679.98
7673.76
7696.82
7693.67
7693.26
7693.08
7655.4
7658
7650.21
7670.64
7686.36
7680.06
7665.82
7647.28
7629.04
7633.85
7638.77
7645.45
7623.49
7636.47
7591.18
7561.51
7556.33
7577.58
7582.16
7605.1
7643.64
7648.68
7639.96
7634.98
7642.44
7648.18
7654.29
7619.14
7621.74
7637.59
7674.24
7664.96
7666.45
7655.21
7680.35
7656.11
7648.21
*


# Taken from https://bitcoincharts.com/charts/bitstampUSD#rg150zigHourlyztgSzm1g10zm2g25zv
