7494.98
7486.73
7491.06
7492.93
7489.6
7512.28
7572.22
7663.07
7667.03
7639.17
7654.94
7628.09
7631.93
7638.18
7627.16
7623.85
7619.17
7632.23
7643.45
7659.23
7636.49
7631.98
7620.52
7635.52
7648.07
7645.09
7611.08
7631.77
7630.73
7646.65
7725.81
7717.69
7733.05
7735.51
7723.6
7710.87
7704.43
7730.41
7708.11
7713.6
7714.01
7688.04
7681.68
7685.03
7712.5
7695.25
7700.65
7702.82
7732.09
7693.58
7687.51
7691.44
7696.1
7643.13
7613.44
7608.39
7595.49
7594.37
7607.87
7530.25
7524.76
7511.54
7482.34
7500.45
7496.5
7470.75
7483.75
7500.62
7512.49
7533.12
7511.66
7483.93
7495.05
7493.6
7424.14
7404.54
7400.68
7403.83
7435.88
7409.21
7441.7
7436.33
7430.48
7427.99
7424.57
7402.26
7401.73
7468.3
7568.6
7616.15
7626.69
7616.62
7629.06
7600.76
7611.99
7613.98
7615.98
7619.03
7610.29
7618.34
7608.02
7594.25
7636.09
7640.02
7606.41
7610.77
7602.93
7621.37
7630.72
7645.5
7633.38
7651.02
7579.45
7524.6
7502.02
7524.81
7594.71
7664.43
7652.08
7647.18
7691.3
7729.12
7728.44
7716.04
7710.66
7708.99
7697.63
7703.31
7699.08
7686.81
7693.71
7692.37
7702.63
7701.27
7679.98
7673.76
7696.82
7693.67
7693.26
7693.08
7655.4
7658
7650.21
7670.64
7686.36
7680.06
7665.82
7647.28
7629.04
7633.85
7638.77
7645.45
7623.49
7636.47
7591.18
7561.51
7556.33
7577.58
7582.16
7605.1
7643.64
7648.68
7639.96
7634.98
7642.44
7644.1
#