1528429337.0
1528393627.0
1528295864.0
1527831000.0
1527831000.0
1527676200.0
1528428600.0
1528050600.0
1527651000.0
1528270200.0
1528079400.0
1528237800.0
1527744600.0
1528363800.0
#
1528449625.0
1528387594.0
1528350441.0
1528303590.0
1528282864.0
1528271861.0
1528264858.0
1528213126.0
1528144383.0
1528128604.0
1528098970.0
1528095138.0
1528048024.0
1528030156.0
1528011030.0
1528007452.0
1527964200.0
1527957000.0
1527847973.0
1527832014.0
1527761739.0
1527759460.0
1527753245.0
1527686751.0
1528227000.0
1528277400.0
1528273800.0
1527690600.0
1528428600.0
1528457400.0
1528446600.0
#
1528476427.0
1528476427.0
1528300293.0
1528153070.0
1528127696.0
1528107766.0
1528063558.0
1528045822.0
1527894121.0
1527716705.0
1527967800.0
1528086600.0
1528237800.0
1528187400.0
1528273800.0
1528068600.0
1527982200.0
1527931800.0
1528461000.0
1528360200.0
1528403400.0
1528446600.0
1528288200.0
#
1528383073.0
1528302614.0
1528297483.0
1528295864.0
1528234621.0
1527805782.0
1527700725.0
1527700725.0
1528259400.0
1528255800.0
1528468200.0
1528450200.0
1528461000.0
1528324200.0
1528155000.0
1528417800.0
1528363800.0
1528191000.0
1528381800.0
*