
1527831000.0
1527831000.0
1527676200.0
1528428600.0
1528050600.0
1527651000.0
1528270200.0
1528079400.0
1528237800.0
1527744600.0
1528363800.0
#
1528227000.0
1528277400.0
1528273800.0
1527690600.0
1528428600.0
1528457400.0
1528446600.0
#
1527967800.0
1528086600.0
1528237800.0
1528187400.0
1528273800.0
1528068600.0
1527982200.0
1527931800.0
1528461000.0
1528360200.0
1528403400.0
1528446600.0
1528288200.0
#
1528259400.0
1528255800.0
1528468200.0
1528450200.0
1528461000.0
1528324200.0
1528155000.0
1528417800.0
1528363800.0
1528191000.0
1528381800.0
*